3057.0
[37.0, 9.0, -6.5]
[38.0, 9.0, -4.099999904632568]
[39.0, 9.0, -5.900000095367432]
[40.0, 9.0, -4.599999904632568]
[41.0, 9.0, -7.0]
[73.0, 9.0, -5.599999904632568]
[74.0, 9.0, -4.199999809265137]
[75.0, 9.0, -6.400000095367432]
[76.0, 9.0, -5.599999904632568]
[77.0, 9.0, -4.0]
[36.0, 10.0, -4.300000190734863]
[37.0, 10.0, -6.400000095367432]
[38.0, 10.0, -4.699999809265137]
[41.0, 10.0, -5.0]
[42.0, 10.0, -3.9000000953674316]
[43.0, 10.0, -3.5]
[72.0, 10.0, -6.0]
[73.0, 10.0, -5.800000190734863]
[74.0, 10.0, -2.5]
[77.0, 10.0, -6.400000095367432]
[78.0, 10.0, -6.0]
[79.0, 10.0, -5.5]
[12.0, 11.0, -6.699999809265137]
[13.0, 11.0, -5.599999904632568]
[21.0, 11.0, -3.299999952316284]
[22.0, 11.0, -4.5]
[29.0, 11.0, -6.800000190734863]
[30.0, 11.0, -5.5]
[31.0, 11.0, -5.099999904632568]
[32.0, 11.0, -4.800000190734863]
[33.0, 11.0, -7.0]
[34.0, 11.0, -6.5]
[37.0, 11.0, -5.599999904632568]
[38.0, 11.0, -4.900000095367432]
[41.0, 11.0, -3.9000000953674316]
[42.0, 11.0, -6.900000095367432]
[43.0, 11.0, -4.5]
[48.0, 11.0, -6.300000190734863]
[49.0, 11.0, -3.0]
[56.0, 11.0, -2.4000000953674316]
[57.0, 11.0, -5.0]
[58.0, 11.0, -4.400000095367432]
[59.0, 11.0, -2.4000000953674316]
[60.0, 11.0, -5.0]
[61.0, 11.0, -4.599999904632568]
[65.0, 11.0, -3.5]
[66.0, 11.0, -2.700000047683716]
[67.0, 11.0, -5.900000095367432]
[68.0, 11.0, -5.0]
[73.0, 11.0, -2.0999999046325684]
[74.0, 11.0, -6.400000095367432]
[77.0, 11.0, -3.299999952316284]
[78.0, 11.0, -5.699999809265137]
[79.0, 11.0, -5.099999904632568]
[83.0, 11.0, -3.200000047683716]
[84.0, 11.0, -3.5999999046325684]
[85.0, 11.0, -4.5]
[86.0, 11.0, -6.400000095367432]
[92.0, 11.0, -4.300000190734863]
[93.0, 11.0, -5.900000095367432]
[94.0, 11.0, -5.800000190734863]
[95.0, 11.0, -6.099999904632568]
[96.0, 11.0, -2.700000047683716]
[97.0, 11.0, -5.300000190734863]
[12.0, 12.0, -5.800000190734863]
[13.0, 12.0, -4.300000190734863]
[22.0, 12.0, -5.199999809265137]
[23.0, 12.0, -4.0]
[28.0, 12.0, -4.800000190734863]
[29.0, 12.0, -4.900000095367432]
[30.0, 12.0, -4.300000190734863]
[32.0, 12.0, -4.400000095367432]
[33.0, 12.0, -4.0]
[34.0, 12.0, -2.200000047683716]
[38.0, 12.0, -6.699999809265137]
[39.0, 12.0, -7.0]
[40.0, 12.0, -5.800000190734863]
[41.0, 12.0, -2.9000000953674316]
[42.0, 12.0, -2.9000000953674316]
[48.0, 12.0, -5.699999809265137]
[49.0, 12.0, -5.300000190734863]
[50.0, 12.0, -3.9000000953674316]
[56.0, 12.0, -5.199999809265137]
[57.0, 12.0, -6.0]
[59.0, 12.0, -2.5999999046325684]
[60.0, 12.0, -3.9000000953674316]
[61.0, 12.0, -5.5]
[65.0, 12.0, -6.5]
[66.0, 12.0, -4.699999809265137]
[68.0, 12.0, -5.199999809265137]
[69.0, 12.0, -3.4000000953674316]
[70.0, 12.0, -2.5999999046325684]
[74.0, 12.0, -3.299999952316284]
[75.0, 12.0, -3.299999952316284]
[76.0, 12.0, -5.900000095367432]
[77.0, 12.0, -6.400000095367432]
[78.0, 12.0, -6.099999904632568]
[83.0, 12.0, -5.199999809265137]
[84.0, 12.0, -4.300000190734863]
[86.0, 12.0, -4.099999904632568]
[87.0, 12.0, -2.200000047683716]
[88.0, 12.0, -5.099999904632568]
[92.0, 12.0, -3.299999952316284]
[93.0, 12.0, -6.199999809265137]
[95.0, 12.0, -7.0]
[96.0, 12.0, -3.0999999046325684]
[97.0, 12.0, -5.0]
[12.0, 13.0, -6.800000190734863]
[13.0, 13.0, -5.5]
[14.0, 13.0, -4.900000095367432]
[22.0, 13.0, -5.5]
[23.0, 13.0, -6.599999904632568]
[29.0, 13.0, -3.0]
[30.0, 13.0, -3.5]
[33.0, 13.0, -2.799999952316284]
[34.0, 13.0, -2.5]
[38.0, 13.0, -6.900000095367432]
[39.0, 13.0, -2.5]
[40.0, 13.0, -4.199999809265137]
[41.0, 13.0, -3.799999952316284]
[55.0, 13.0, -5.199999809265137]
[56.0, 13.0, -4.400000095367432]
[57.0, 13.0, -2.9000000953674316]
[60.0, 13.0, -3.200000047683716]
[61.0, 13.0, -4.099999904632568]
[65.0, 13.0, -5.099999904632568]
[66.0, 13.0, -5.599999904632568]
[69.0, 13.0, -3.0]
[70.0, 13.0, -6.800000190734863]
[71.0, 13.0, -4.400000095367432]
[74.0, 13.0, -4.400000095367432]
[75.0, 13.0, -6.400000095367432]
[76.0, 13.0, -3.5999999046325684]
[77.0, 13.0, -3.0]
[83.0, 13.0, -2.4000000953674316]
[84.0, 13.0, -4.900000095367432]
[87.0, 13.0, -5.0]
[88.0, 13.0, -4.900000095367432]
[89.0, 13.0, -5.599999904632568]
[91.0, 13.0, -6.599999904632568]
[92.0, 13.0, -5.099999904632568]
[93.0, 13.0, -2.0999999046325684]
[96.0, 13.0, -3.299999952316284]
[97.0, 13.0, -6.0]
[13.0, 14.0, -4.099999904632568]
[14.0, 14.0, -6.099999904632568]
[22.0, 14.0, -3.0999999046325684]
[23.0, 14.0, -2.4000000953674316]
[30.0, 14.0, -6.0]
[31.0, 14.0, -4.599999904632568]
[32.0, 14.0, -6.699999809265137]
[33.0, 14.0, -3.5]
[34.0, 14.0, -4.699999809265137]
[39.0, 14.0, -5.099999904632568]
[40.0, 14.0, -5.300000190734863]
[41.0, 14.0, -5.300000190734863]
[42.0, 14.0, -4.800000190734863]
[43.0, 14.0, -4.800000190734863]
[56.0, 14.0, -6.5]
[57.0, 14.0, -6.300000190734863]
[60.0, 14.0, -4.199999809265137]
[61.0, 14.0, -4.800000190734863]
[62.0, 14.0, -4.300000190734863]
[65.0, 14.0, -4.099999904632568]
[66.0, 14.0, -6.0]
[70.0, 14.0, -2.4000000953674316]
[71.0, 14.0, -4.300000190734863]
[75.0, 14.0, -4.5]
[76.0, 14.0, -5.300000190734863]
[77.0, 14.0, -6.900000095367432]
[78.0, 14.0, -4.099999904632568]
[79.0, 14.0, -4.400000095367432]
[83.0, 14.0, -4.300000190734863]
[84.0, 14.0, -6.599999904632568]
[88.0, 14.0, -6.099999904632568]
[89.0, 14.0, -4.300000190734863]
[92.0, 14.0, -4.099999904632568]
[93.0, 14.0, -4.099999904632568]
[96.0, 14.0, -3.0999999046325684]
[97.0, 14.0, -5.400000095367432]
[98.0, 14.0, -3.0]
[13.0, 15.0, -4.199999809265137]
[14.0, 15.0, -2.799999952316284]
[23.0, 15.0, -5.5]
[24.0, 15.0, -2.700000047683716]
[33.0, 15.0, -5.900000095367432]
[34.0, 15.0, -4.300000190734863]
[35.0, 15.0, -3.299999952316284]
[39.0, 15.0, -4.800000190734863]
[40.0, 15.0, -4.5]
[42.0, 15.0, -2.5]
[43.0, 15.0, -3.0]
[56.0, 15.0, -4.5]
[57.0, 15.0, -5.5]
[61.0, 15.0, -2.9000000953674316]
[62.0, 15.0, -6.800000190734863]
[65.0, 15.0, -2.4000000953674316]
[66.0, 15.0, -3.0999999046325684]
[70.0, 15.0, -4.099999904632568]
[71.0, 15.0, -2.5]
[75.0, 15.0, -4.800000190734863]
[76.0, 15.0, -7.0]
[78.0, 15.0, -6.199999809265137]
[79.0, 15.0, -4.199999809265137]
[83.0, 15.0, -2.5]
[84.0, 15.0, -4.400000095367432]
[88.0, 15.0, -3.299999952316284]
[89.0, 15.0, -4.199999809265137]
[92.0, 15.0, -4.800000190734863]
[93.0, 15.0, -2.5]
[97.0, 15.0, -2.799999952316284]
[98.0, 15.0, -3.0999999046325684]
[14.0, 16.0, -4.400000095367432]
[15.0, 16.0, -6.300000190734863]
[23.0, 16.0, -2.9000000953674316]
[24.0, 16.0, -4.800000190734863]
[30.0, 16.0, -5.099999904632568]
[31.0, 16.0, -4.699999809265137]
[34.0, 16.0, -5.0]
[35.0, 16.0, -4.800000190734863]
[39.0, 16.0, -4.900000095367432]
[40.0, 16.0, -4.5]
[42.0, 16.0, -2.799999952316284]
[43.0, 16.0, -6.400000095367432]
[44.0, 16.0, -3.700000047683716]
[57.0, 16.0, -5.900000095367432]
[58.0, 16.0, -3.4000000953674316]
[61.0, 16.0, -6.199999809265137]
[62.0, 16.0, -2.299999952316284]
[66.0, 16.0, -2.4000000953674316]
[67.0, 16.0, -5.800000190734863]
[70.0, 16.0, -4.400000095367432]
[71.0, 16.0, -3.5]
[75.0, 16.0, -6.5]
[76.0, 16.0, -5.599999904632568]
[78.0, 16.0, -5.699999809265137]
[79.0, 16.0, -3.700000047683716]
[80.0, 16.0, -6.199999809265137]
[84.0, 16.0, -3.9000000953674316]
[85.0, 16.0, -6.400000095367432]
[88.0, 16.0, -4.599999904632568]
[89.0, 16.0, -6.0]
[93.0, 16.0, -3.0]
[94.0, 16.0, -2.0999999046325684]
[97.0, 16.0, -4.199999809265137]
[98.0, 16.0, -3.9000000953674316]
[12.0, 17.0, -6.0]
[13.0, 17.0, -6.199999809265137]
[14.0, 17.0, -2.700000047683716]
[15.0, 17.0, -5.300000190734863]
[16.0, 17.0, -7.0]
[17.0, 17.0, -5.900000095367432]
[23.0, 17.0, -2.4000000953674316]
[24.0, 17.0, -3.9000000953674316]
[31.0, 17.0, -7.0]
[32.0, 17.0, -6.5]
[33.0, 17.0, -4.099999904632568]
[34.0, 17.0, -2.299999952316284]
[35.0, 17.0, -4.800000190734863]
[40.0, 17.0, -5.699999809265137]
[41.0, 17.0, -6.699999809265137]
[42.0, 17.0, -6.699999809265137]
[43.0, 17.0, -5.099999904632568]
[44.0, 17.0, -6.599999904632568]
[45.0, 17.0, -4.400000095367432]
[50.0, 17.0, -3.5]
[51.0, 17.0, -2.5]
[58.0, 17.0, -6.699999809265137]
[59.0, 17.0, -4.800000190734863]
[60.0, 17.0, -6.400000095367432]
[61.0, 17.0, -3.0]
[62.0, 17.0, -6.900000095367432]
[63.0, 17.0, -4.599999904632568]
[67.0, 17.0, -6.5]
[68.0, 17.0, -5.199999809265137]
[69.0, 17.0, -3.9000000953674316]
[70.0, 17.0, -6.800000190734863]
[71.0, 17.0, -4.199999809265137]
[76.0, 17.0, -3.5]
[77.0, 17.0, -6.900000095367432]
[78.0, 17.0, -5.699999809265137]
[79.0, 17.0, -6.0]
[80.0, 17.0, -3.299999952316284]
[81.0, 17.0, -3.4000000953674316]
[85.0, 17.0, -2.5]
[86.0, 17.0, -6.300000190734863]
[87.0, 17.0, -3.5999999046325684]
[88.0, 17.0, -7.0]
[89.0, 17.0, -2.5]
[94.0, 17.0, -4.300000190734863]
[95.0, 17.0, -4.099999904632568]
[96.0, 17.0, -6.900000095367432]
[97.0, 17.0, -2.5999999046325684]
[98.0, 17.0, -3.700000047683716]
[99.0, 17.0, -2.299999952316284]
[14.0, 18.0, -3.0999999046325684]
[15.0, 18.0, -3.5]
[24.0, 18.0, -5.900000095367432]
[25.0, 18.0, -4.400000095367432]
[62.0, 18.0, -2.200000047683716]
[63.0, 18.0, -6.099999904632568]
[98.0, 18.0, -4.199999809265137]
[99.0, 18.0, -4.5]
[15.0, 19.0, -5.0]
[16.0, 19.0, -5.800000190734863]
[24.0, 19.0, -2.0999999046325684]
[25.0, 19.0, -6.400000095367432]
[62.0, 19.0, -5.699999809265137]
[63.0, 19.0, -2.200000047683716]
[98.0, 19.0, -6.5]
[99.0, 19.0, -2.4000000953674316]
[15.0, 20.0, -5.300000190734863]
[16.0, 20.0, -5.900000095367432]
[17.0, 20.0, -2.200000047683716]
[18.0, 20.0, -5.900000095367432]
[19.0, 20.0, -6.5]
[24.0, 20.0, -5.0]
[25.0, 20.0, -4.400000095367432]
[26.0, 20.0, -4.900000095367432]
[63.0, 20.0, -6.300000190734863]
[64.0, 20.0, -2.299999952316284]
[99.0, 20.0, -4.599999904632568]
[100.0, 20.0, -4.599999904632568]
[-7.0, -22.0, -69.80000305175781]
[-6.0, -22.0, -66.80000305175781]
[-5.0, -22.0, -66.5]
[-8.0, -21.0, -67.4000015258789]
[-7.0, -21.0, -70.0]
[-6.0, -21.0, -69.69999694824219]
[-5.0, -21.0, -65.4000015258789]
[-4.0, -21.0, -65.80000305175781]
[-9.0, -20.0, -68.0]
[-8.0, -20.0, -68.4000015258789]
[-7.0, -20.0, -66.0]
[-6.0, -20.0, -65.5]
[-5.0, -20.0, -66.69999694824219]
[-4.0, -20.0, -65.19999694824219]
[-3.0, -20.0, -67.9000015258789]
[-10.0, -19.0, -66.80000305175781]
[-9.0, -19.0, -68.69999694824219]
[-8.0, -19.0, -68.9000015258789]
[-7.0, -19.0, -68.0999984741211]
[-6.0, -19.0, -69.5]
[-5.0, -19.0, -66.5]
[-4.0, -19.0, -69.4000015258789]
[-3.0, -19.0, -67.0]
[-2.0, -19.0, -65.5999984741211]
[-11.0, -18.0, -68.5999984741211]
[-10.0, -18.0, -69.19999694824219]
[-9.0, -18.0, -66.80000305175781]
[-8.0, -18.0, -65.4000015258789]
[-7.0, -18.0, -69.5999984741211]
[-6.0, -18.0, -66.0999984741211]
[-5.0, -18.0, -66.4000015258789]
[-4.0, -18.0, -65.80000305175781]
[-3.0, -18.0, -68.5999984741211]
[-2.0, -18.0, -66.4000015258789]
[-1.0, -18.0, -68.4000015258789]
[-12.0, -17.0, -65.30000305175781]
[-11.0, -17.0, -67.4000015258789]
[-10.0, -17.0, -68.80000305175781]
[-9.0, -17.0, -67.19999694824219]
[-8.0, -17.0, -69.4000015258789]
[-7.0, -17.0, -69.9000015258789]
[-6.0, -17.0, -65.30000305175781]
[-5.0, -17.0, -69.9000015258789]
[-4.0, -17.0, -65.19999694824219]
[-3.0, -17.0, -65.5999984741211]
[-2.0, -17.0, -67.0999984741211]
[-1.0, -17.0, -67.9000015258789]
[0.0, -17.0, -68.5]
[-13.0, -16.0, -69.0999984741211]
[-12.0, -16.0, -67.19999694824219]
[-11.0, -16.0, -69.30000305175781]
[-10.0, -16.0, -66.80000305175781]
[-9.0, -16.0, -68.19999694824219]
[-8.0, -16.0, -67.9000015258789]
[-7.0, -16.0, -67.0999984741211]
[-5.0, -16.0, -65.80000305175781]
[-4.0, -16.0, -66.5]
[-3.0, -16.0, -65.0999984741211]
[-2.0, -16.0, -68.69999694824219]
[-1.0, -16.0, -69.0]
[0.0, -16.0, -69.69999694824219]
[1.0, -16.0, -65.5999984741211]
[17.0, -16.0, -70.0]
[18.0, -16.0, -69.5]
[19.0, -16.0, -65.0999984741211]
[-14.0, -15.0, -69.0999984741211]
[-13.0, -15.0, -66.30000305175781]
[-12.0, -15.0, -67.30000305175781]
[-11.0, -15.0, -69.69999694824219]
[-10.0, -15.0, -69.0]
[-9.0, -15.0, -66.5999984741211]
[-8.0, -15.0, -65.5999984741211]
[-4.0, -15.0, -65.9000015258789]
[-3.0, -15.0, -65.5]
[-2.0, -15.0, -68.9000015258789]
[-1.0, -15.0, -70.0]
[0.0, -15.0, -67.69999694824219]
[1.0, -15.0, -67.9000015258789]
[2.0, -15.0, -69.0999984741211]
[16.0, -15.0, -66.19999694824219]
[17.0, -15.0, -65.30000305175781]
[18.0, -15.0, -66.0]
[19.0, -15.0, -67.0999984741211]
[20.0, -15.0, -65.9000015258789]
[-14.0, -14.0, -67.4000015258789]
[-13.0, -14.0, -65.19999694824219]
[-12.0, -14.0, -68.9000015258789]
[-11.0, -14.0, -66.5]
[-10.0, -14.0, -68.5999984741211]
[-9.0, -14.0, -69.5999984741211]
[-3.0, -14.0, -68.80000305175781]
[-2.0, -14.0, -67.9000015258789]
[-1.0, -14.0, -68.5999984741211]
[0.0, -14.0, -67.80000305175781]
[1.0, -14.0, -68.69999694824219]
[2.0, -14.0, -66.19999694824219]
[3.0, -14.0, -69.9000015258789]
[15.0, -14.0, -67.5]
[16.0, -14.0, -67.9000015258789]
[17.0, -14.0, -67.0]
[18.0, -14.0, -66.5999984741211]
[19.0, -14.0, -68.5999984741211]
[20.0, -14.0, -68.5]
[-15.0, -13.0, -66.0]
[-14.0, -13.0, -67.80000305175781]
[-13.0, -13.0, -66.19999694824219]
[-12.0, -13.0, -69.4000015258789]
[-11.0, -13.0, -67.5999984741211]
[-10.0, -13.0, -66.19999694824219]
[-2.0, -13.0, -67.19999694824219]
[-1.0, -13.0, -70.0]
[0.0, -13.0, -68.9000015258789]
[1.0, -13.0, -68.0]
[2.0, -13.0, -68.0]
[3.0, -13.0, -68.5999984741211]
[4.0, -13.0, -65.4000015258789]
[14.0, -13.0, -66.4000015258789]
[15.0, -13.0, -68.30000305175781]
[16.0, -13.0, -68.69999694824219]
[17.0, -13.0, -68.69999694824219]
[18.0, -13.0, -69.9000015258789]
[19.0, -13.0, -66.30000305175781]
[20.0, -13.0, -65.19999694824219]
[-16.0, -12.0, -69.9000015258789]
[-15.0, -12.0, -66.9000015258789]
[-14.0, -12.0, -69.69999694824219]
[-13.0, -12.0, -67.19999694824219]
[-12.0, -12.0, -69.5999984741211]
[-11.0, -12.0, -70.0]
[-10.0, -12.0, -68.80000305175781]
[-1.0, -12.0, -65.5]
[0.0, -12.0, -67.0]
[1.0, -12.0, -69.69999694824219]
[2.0, -12.0, -66.9000015258789]
[3.0, -12.0, -66.80000305175781]
[4.0, -12.0, -65.5]
[5.0, -12.0, -65.5999984741211]
[13.0, -12.0, -69.19999694824219]
[14.0, -12.0, -69.80000305175781]
[15.0, -12.0, -67.69999694824219]
[16.0, -12.0, -67.69999694824219]
[17.0, -12.0, -69.5]
[18.0, -12.0, -69.80000305175781]
[19.0, -12.0, -68.0]
[20.0, -12.0, -66.0999984741211]
[-17.0, -11.0, -65.19999694824219]
[-16.0, -11.0, -67.9000015258789]
[-15.0, -11.0, -70.0]
[-14.0, -11.0, -69.4000015258789]
[-13.0, -11.0, -65.80000305175781]
[-12.0, -11.0, -65.0999984741211]
[-11.0, -11.0, -66.80000305175781]
[0.0, -11.0, -67.5]
[1.0, -11.0, -65.19999694824219]
[2.0, -11.0, -67.30000305175781]
[3.0, -11.0, -66.30000305175781]
[4.0, -11.0, -65.4000015258789]
[5.0, -11.0, -68.30000305175781]
[6.0, -11.0, -69.5999984741211]
[12.0, -11.0, -68.5]
[13.0, -11.0, -66.4000015258789]
[14.0, -11.0, -65.19999694824219]
[15.0, -11.0, -65.5]
[16.0, -11.0, -65.19999694824219]
[17.0, -11.0, -65.80000305175781]
[18.0, -11.0, -66.30000305175781]
[19.0, -11.0, -68.4000015258789]
[20.0, -11.0, -66.5999984741211]
[-18.0, -10.0, -66.4000015258789]
[-17.0, -10.0, -65.9000015258789]
[-16.0, -10.0, -66.5999984741211]
[-15.0, -10.0, -68.80000305175781]
[-14.0, -10.0, -65.30000305175781]
[-13.0, -10.0, -68.80000305175781]
[-12.0, -10.0, -65.5999984741211]
[1.0, -10.0, -66.4000015258789]
[2.0, -10.0, -68.5999984741211]
[3.0, -10.0, -66.4000015258789]
[4.0, -10.0, -68.69999694824219]
[5.0, -10.0, -69.5999984741211]
[6.0, -10.0, -67.19999694824219]
[7.0, -10.0, -65.80000305175781]
[11.0, -10.0, -69.4000015258789]
[12.0, -10.0, -66.0999984741211]
[13.0, -10.0, -66.5999984741211]
[14.0, -10.0, -67.80000305175781]
[15.0, -10.0, -65.0999984741211]
[16.0, -10.0, -69.80000305175781]
[17.0, -10.0, -70.0]
[18.0, -10.0, -68.0]
[19.0, -10.0, -68.9000015258789]
[-19.0, -9.0, -67.19999694824219]
[-18.0, -9.0, -66.4000015258789]
[-17.0, -9.0, -70.0]
[-16.0, -9.0, -68.80000305175781]
[-15.0, -9.0, -68.69999694824219]
[-14.0, -9.0, -68.30000305175781]
[-13.0, -9.0, -65.80000305175781]
[2.0, -9.0, -69.19999694824219]
[3.0, -9.0, -67.30000305175781]
[4.0, -9.0, -67.5999984741211]
[5.0, -9.0, -67.80000305175781]
[6.0, -9.0, -67.0]
[7.0, -9.0, -68.69999694824219]
[8.0, -9.0, -66.19999694824219]
[10.0, -9.0, -69.0]
[11.0, -9.0, -68.5]
[12.0, -9.0, -68.19999694824219]
[13.0, -9.0, -66.5999984741211]
[14.0, -9.0, -67.9000015258789]
[15.0, -9.0, -68.9000015258789]
[16.0, -9.0, -69.69999694824219]
[17.0, -9.0, -67.5999984741211]
[18.0, -9.0, -69.5]
[19.0, -9.0, -67.19999694824219]
[-20.0, -8.0, -65.5]
[-19.0, -8.0, -67.80000305175781]
[-18.0, -8.0, -66.69999694824219]
[-17.0, -8.0, -66.0999984741211]
[-16.0, -8.0, -69.30000305175781]
[-15.0, -8.0, -65.30000305175781]
[-14.0, -8.0, -68.30000305175781]
[3.0, -8.0, -66.0]
[4.0, -8.0, -67.69999694824219]
[5.0, -8.0, -69.4000015258789]
[6.0, -8.0, -66.19999694824219]
[7.0, -8.0, -68.69999694824219]
[8.0, -8.0, -68.0]
[9.0, -8.0, -69.0]
[10.0, -8.0, -68.80000305175781]
[11.0, -8.0, -67.69999694824219]
[12.0, -8.0, -69.30000305175781]
[13.0, -8.0, -67.69999694824219]
[14.0, -8.0, -67.19999694824219]
[15.0, -8.0, -67.4000015258789]
[16.0, -8.0, -68.30000305175781]
[17.0, -8.0, -68.9000015258789]
[18.0, -8.0, -66.69999694824219]
[19.0, -8.0, -65.80000305175781]
[-20.0, -7.0, -67.9000015258789]
[-19.0, -7.0, -67.5]
[-18.0, -7.0, -67.5999984741211]
[-17.0, -7.0, -67.30000305175781]
[-16.0, -7.0, -69.69999694824219]
[-15.0, -7.0, -68.19999694824219]
[-14.0, -7.0, -67.9000015258789]
[4.0, -7.0, -67.0]
[5.0, -7.0, -67.9000015258789]
[6.0, -7.0, -68.5]
[7.0, -7.0, -67.80000305175781]
[8.0, -7.0, -65.9000015258789]
[9.0, -7.0, -65.19999694824219]
[10.0, -7.0, -67.19999694824219]
[11.0, -7.0, -68.5]
[12.0, -7.0, -66.30000305175781]
[13.0, -7.0, -66.69999694824219]
[14.0, -7.0, -68.0]
[15.0, -7.0, -68.19999694824219]
[16.0, -7.0, -69.5]
[17.0, -7.0, -69.5999984741211]
[18.0, -7.0, -66.69999694824219]
[19.0, -7.0, -68.5]
[-20.0, -6.0, -68.5999984741211]
[-19.0, -6.0, -66.5]
[-18.0, -6.0, -67.4000015258789]
[-17.0, -6.0, -67.9000015258789]
[-16.0, -6.0, -68.5999984741211]
[-15.0, -6.0, -66.30000305175781]
[-14.0, -6.0, -66.69999694824219]
[-13.0, -6.0, -65.0999984741211]
[5.0, -6.0, -67.0]
[6.0, -6.0, -68.5999984741211]
[7.0, -6.0, -67.69999694824219]
[8.0, -6.0, -69.9000015258789]
[9.0, -6.0, -68.5999984741211]
[10.0, -6.0, -66.19999694824219]
[11.0, -6.0, -66.80000305175781]
[12.0, -6.0, -69.69999694824219]
[13.0, -6.0, -65.9000015258789]
[15.0, -6.0, -66.69999694824219]
[16.0, -6.0, -65.69999694824219]
[17.0, -6.0, -69.5]
[18.0, -6.0, -65.5999984741211]
[19.0, -6.0, -67.5]
[-19.0, -5.0, -68.5999984741211]
[-18.0, -5.0, -65.69999694824219]
[-17.0, -5.0, -68.80000305175781]
[-16.0, -5.0, -68.9000015258789]
[-15.0, -5.0, -68.4000015258789]
[-14.0, -5.0, -65.19999694824219]
[-13.0, -5.0, -69.69999694824219]
[-12.0, -5.0, -65.30000305175781]
[-11.0, -5.0, -70.0]
[6.0, -5.0, -68.0999984741211]
[7.0, -5.0, -68.69999694824219]
[8.0, -5.0, -65.0999984741211]
[9.0, -5.0, -67.69999694824219]
[10.0, -5.0, -65.5]
[11.0, -5.0, -65.9000015258789]
[12.0, -5.0, -66.69999694824219]
[15.0, -5.0, -65.5999984741211]
[16.0, -5.0, -68.69999694824219]
[17.0, -5.0, -69.5]
[18.0, -5.0, -65.69999694824219]
[19.0, -5.0, -66.4000015258789]
[-18.0, -4.0, -65.19999694824219]
[-17.0, -4.0, -65.4000015258789]
[-16.0, -4.0, -69.30000305175781]
[-15.0, -4.0, -69.9000015258789]
[-14.0, -4.0, -68.5999984741211]
[-13.0, -4.0, -65.80000305175781]
[-12.0, -4.0, -69.0999984741211]
[-11.0, -4.0, -67.19999694824219]
[-10.0, -4.0, -68.80000305175781]
[7.0, -4.0, -67.30000305175781]
[8.0, -4.0, -69.0]
[9.0, -4.0, -67.5]
[10.0, -4.0, -68.30000305175781]
[11.0, -4.0, -67.5999984741211]
[15.0, -4.0, -69.0999984741211]
[16.0, -4.0, -66.80000305175781]
[17.0, -4.0, -67.5999984741211]
[18.0, -4.0, -65.5999984741211]
[19.0, -4.0, -67.30000305175781]
[-16.0, -3.0, -67.5999984741211]
[-15.0, -3.0, -68.19999694824219]
[-14.0, -3.0, -68.0999984741211]
[-13.0, -3.0, -70.0]
[-12.0, -3.0, -67.4000015258789]
[-11.0, -3.0, -68.0]
[-10.0, -3.0, -66.69999694824219]
[-9.0, -3.0, -67.4000015258789]
[8.0, -3.0, -65.5999984741211]
[9.0, -3.0, -65.0999984741211]
[10.0, -3.0, -66.80000305175781]
[14.0, -3.0, -68.80000305175781]
[15.0, -3.0, -66.80000305175781]
[16.0, -3.0, -67.19999694824219]
[17.0, -3.0, -67.30000305175781]
[18.0, -3.0, -68.69999694824219]
[19.0, -3.0, -67.30000305175781]
[-15.0, -2.0, -67.80000305175781]
[-14.0, -2.0, -66.19999694824219]
[-13.0, -2.0, -67.80000305175781]
[-12.0, -2.0, -65.4000015258789]
[-11.0, -2.0, -68.80000305175781]
[-10.0, -2.0, -67.69999694824219]
[-9.0, -2.0, -69.5]
[-8.0, -2.0, -67.0999984741211]
[-7.0, -2.0, -69.5]
[14.0, -2.0, -66.80000305175781]
[15.0, -2.0, -67.5999984741211]
[16.0, -2.0, -69.80000305175781]
[17.0, -2.0, -65.30000305175781]
[18.0, -2.0, -65.9000015258789]
[-13.0, -1.0, -65.30000305175781]
[-12.0, -1.0, -65.5]
[-11.0, -1.0, -69.5999984741211]
[-10.0, -1.0, -65.5999984741211]
[-9.0, -1.0, -66.9000015258789]
[-8.0, -1.0, -66.0]
[-7.0, -1.0, -68.5]
[-6.0, -1.0, -69.5]
[14.0, -1.0, -65.19999694824219]
[15.0, -1.0, -69.5]
[16.0, -1.0, -66.4000015258789]
[17.0, -1.0, -69.69999694824219]
[18.0, -1.0, -69.0]
[-12.0, 0.0, -68.5]
[-11.0, 0.0, -69.30000305175781]
[-10.0, 0.0, -65.5999984741211]
[-9.0, 0.0, -67.19999694824219]
[-8.0, 0.0, -68.69999694824219]
[-7.0, 0.0, -67.0999984741211]
[-6.0, 0.0, -65.5]
[-5.0, 0.0, -69.5]
[14.0, 0.0, -66.30000305175781]
[15.0, 0.0, -67.30000305175781]
[16.0, 0.0, -69.0999984741211]
[17.0, 0.0, -66.0]
[18.0, 0.0, -68.9000015258789]
[-11.0, 1.0, -67.4000015258789]
[-10.0, 1.0, -68.9000015258789]
[-9.0, 1.0, -66.9000015258789]
[-8.0, 1.0, -70.0]
[-7.0, 1.0, -66.80000305175781]
[-6.0, 1.0, -65.30000305175781]
[-5.0, 1.0, -67.4000015258789]
[-4.0, 1.0, -65.9000015258789]
[-3.0, 1.0, -67.5]
[14.0, 1.0, -69.4000015258789]
[15.0, 1.0, -68.4000015258789]
[16.0, 1.0, -69.69999694824219]
[17.0, 1.0, -66.19999694824219]
[18.0, 1.0, -69.0999984741211]
[-9.0, 2.0, -65.5]
[-8.0, 2.0, -67.69999694824219]
[-7.0, 2.0, -67.80000305175781]
[-6.0, 2.0, -69.9000015258789]
[-5.0, 2.0, -66.80000305175781]
[-4.0, 2.0, -69.5999984741211]
[-3.0, 2.0, -67.69999694824219]
[-2.0, 2.0, -66.80000305175781]
[14.0, 2.0, -65.0999984741211]
[15.0, 2.0, -67.19999694824219]
[16.0, 2.0, -67.19999694824219]
[17.0, 2.0, -66.80000305175781]
[18.0, 2.0, -69.5]
[-8.0, 3.0, -67.69999694824219]
[-7.0, 3.0, -68.5]
[-6.0, 3.0, -69.80000305175781]
[-5.0, 3.0, -67.5999984741211]
[-4.0, 3.0, -67.80000305175781]
[-3.0, 3.0, -69.19999694824219]
[-2.0, 3.0, -68.5999984741211]
[-1.0, 3.0, -68.5999984741211]
[14.0, 3.0, -69.30000305175781]
[15.0, 3.0, -66.4000015258789]
[16.0, 3.0, -67.5999984741211]
[17.0, 3.0, -67.80000305175781]
[18.0, 3.0, -68.0]
[-7.0, 4.0, -66.9000015258789]
[-6.0, 4.0, -65.5999984741211]
[-5.0, 4.0, -67.5999984741211]
[-4.0, 4.0, -66.19999694824219]
[-3.0, 4.0, -65.30000305175781]
[-2.0, 4.0, -65.80000305175781]
[-1.0, 4.0, -69.4000015258789]
[14.0, 4.0, -67.9000015258789]
[15.0, 4.0, -69.30000305175781]
[16.0, 4.0, -67.0]
[17.0, 4.0, -66.30000305175781]
[18.0, 4.0, -68.5]
[-6.0, 5.0, -66.9000015258789]
[-5.0, 5.0, -67.4000015258789]
[-4.0, 5.0, -68.30000305175781]
[-3.0, 5.0, -70.0]
[-2.0, 5.0, -67.30000305175781]
[-1.0, 5.0, -65.5]
[13.0, 5.0, -65.69999694824219]
[14.0, 5.0, -69.0999984741211]
[15.0, 5.0, -66.30000305175781]
[16.0, 5.0, -67.30000305175781]
[17.0, 5.0, -65.80000305175781]
[-7.0, 6.0, -69.0]
[-6.0, 6.0, -69.0999984741211]
[-5.0, 6.0, -66.69999694824219]
[-4.0, 6.0, -66.30000305175781]
[-3.0, 6.0, -67.69999694824219]
[-2.0, 6.0, -66.69999694824219]
[13.0, 6.0, -66.5]
[14.0, 6.0, -65.5999984741211]
[15.0, 6.0, -69.4000015258789]
[16.0, 6.0, -69.0999984741211]
[17.0, 6.0, -65.69999694824219]
[-8.0, 7.0, -68.4000015258789]
[-7.0, 7.0, -68.30000305175781]
[-6.0, 7.0, -66.0999984741211]
[-5.0, 7.0, -69.5]
[-4.0, 7.0, -65.30000305175781]
[-3.0, 7.0, -66.0999984741211]
[13.0, 7.0, -67.19999694824219]
[14.0, 7.0, -66.30000305175781]
[15.0, 7.0, -67.5]
[16.0, 7.0, -68.69999694824219]
[17.0, 7.0, -68.9000015258789]
[-8.0, 8.0, -67.30000305175781]
[-7.0, 8.0, -69.80000305175781]
[-6.0, 8.0, -65.0999984741211]
[-5.0, 8.0, -69.19999694824219]
[-4.0, 8.0, -69.69999694824219]
[-3.0, 8.0, -67.9000015258789]
[13.0, 8.0, -67.0999984741211]
[14.0, 8.0, -65.80000305175781]
[15.0, 8.0, -68.5999984741211]
[16.0, 8.0, -67.30000305175781]
[17.0, 8.0, -69.19999694824219]
[-9.0, 9.0, -69.0]
[-8.0, 9.0, -69.80000305175781]
[-7.0, 9.0, -69.0999984741211]
[-6.0, 9.0, -65.19999694824219]
[-5.0, 9.0, -68.0999984741211]
[-4.0, 9.0, -69.19999694824219]
[13.0, 9.0, -67.69999694824219]
[14.0, 9.0, -67.9000015258789]
[15.0, 9.0, -68.5999984741211]
[16.0, 9.0, -67.69999694824219]
[17.0, 9.0, -68.4000015258789]
[-10.0, 10.0, -69.0999984741211]
[-9.0, 10.0, -68.69999694824219]
[-8.0, 10.0, -65.69999694824219]
[-7.0, 10.0, -68.5999984741211]
[-6.0, 10.0, -69.9000015258789]
[-5.0, 10.0, -65.5]
[13.0, 10.0, -65.69999694824219]
[14.0, 10.0, -67.0]
[15.0, 10.0, -68.30000305175781]
[16.0, 10.0, -67.9000015258789]
[17.0, 10.0, -69.9000015258789]
[-11.0, 11.0, -69.69999694824219]
[-10.0, 11.0, -66.4000015258789]
[-9.0, 11.0, -69.9000015258789]
[-8.0, 11.0, -66.80000305175781]
[-7.0, 11.0, -67.9000015258789]
[-6.0, 11.0, -69.4000015258789]
[-5.0, 11.0, -68.5]
[13.0, 11.0, -69.80000305175781]
[14.0, 11.0, -69.5]
[15.0, 11.0, -65.5999984741211]
[16.0, 11.0, -68.9000015258789]
[17.0, 11.0, -69.0]
[-11.0, 12.0, -66.4000015258789]
[-10.0, 12.0, -68.5999984741211]
[-9.0, 12.0, -66.0]
[-8.0, 12.0, -65.69999694824219]
[-7.0, 12.0, -67.69999694824219]
[-6.0, 12.0, -67.9000015258789]
[12.0, 12.0, -67.5999984741211]
[13.0, 12.0, -68.5]
[14.0, 12.0, -69.0]
[15.0, 12.0, -65.19999694824219]
[16.0, 12.0, -69.30000305175781]
[-12.0, 13.0, -65.9000015258789]
[-11.0, 13.0, -68.69999694824219]
[-10.0, 13.0, -65.80000305175781]
[-9.0, 13.0, -65.19999694824219]
[-8.0, 13.0, -66.0]
[-7.0, 13.0, -67.19999694824219]
[10.0, 13.0, -69.69999694824219]
[11.0, 13.0, -68.80000305175781]
[12.0, 13.0, -67.4000015258789]
[13.0, 13.0, -65.5]
[14.0, 13.0, -69.4000015258789]
[15.0, 13.0, -67.30000305175781]
[16.0, 13.0, -68.5]
[-13.0, 14.0, -65.19999694824219]
[-12.0, 14.0, -67.69999694824219]
[-11.0, 14.0, -65.80000305175781]
[-10.0, 14.0, -68.0]
[-9.0, 14.0, -65.5]
[-8.0, 14.0, -66.5999984741211]
[1.0, 14.0, -68.30000305175781]
[2.0, 14.0, -69.30000305175781]
[3.0, 14.0, -68.80000305175781]
[4.0, 14.0, -65.0999984741211]
[5.0, 14.0, -68.69999694824219]
[6.0, 14.0, -69.0999984741211]
[7.0, 14.0, -68.0999984741211]
[8.0, 14.0, -68.9000015258789]
[9.0, 14.0, -68.5]
[10.0, 14.0, -67.69999694824219]
[11.0, 14.0, -68.9000015258789]
[12.0, 14.0, -66.4000015258789]
[13.0, 14.0, -65.9000015258789]
[14.0, 14.0, -68.0]
[15.0, 14.0, -67.0999984741211]
[16.0, 14.0, -68.0]
[-13.0, 15.0, -66.4000015258789]
[-12.0, 15.0, -65.19999694824219]
[-11.0, 15.0, -66.30000305175781]
[-10.0, 15.0, -69.5]
[-9.0, 15.0, -68.0]
[-8.0, 15.0, -69.5]
[-7.0, 15.0, -66.80000305175781]
[-6.0, 15.0, -69.0999984741211]
[-5.0, 15.0, -67.5]
[-4.0, 15.0, -67.30000305175781]
[-3.0, 15.0, -69.30000305175781]
[-2.0, 15.0, -65.30000305175781]
[-1.0, 15.0, -67.0999984741211]
[0.0, 15.0, -66.30000305175781]
[1.0, 15.0, -68.69999694824219]
[2.0, 15.0, -68.0]
[3.0, 15.0, -69.80000305175781]
[4.0, 15.0, -68.5999984741211]
[5.0, 15.0, -66.69999694824219]
[6.0, 15.0, -68.30000305175781]
[7.0, 15.0, -65.69999694824219]
[8.0, 15.0, -69.5]
[9.0, 15.0, -67.4000015258789]
[10.0, 15.0, -67.4000015258789]
[11.0, 15.0, -66.0]
[12.0, 15.0, -69.4000015258789]
[13.0, 15.0, -67.19999694824219]
[14.0, 15.0, -66.0999984741211]
[15.0, 15.0, -65.80000305175781]
[16.0, 15.0, -68.69999694824219]
[-14.0, 16.0, -69.0999984741211]
[-13.0, 16.0, -69.69999694824219]
[-12.0, 16.0, -66.0]
[-11.0, 16.0, -67.5999984741211]
[-10.0, 16.0, -69.0999984741211]
[-9.0, 16.0, -65.0999984741211]
[-8.0, 16.0, -66.5999984741211]
[-7.0, 16.0, -65.4000015258789]
[-6.0, 16.0, -68.5]
[-5.0, 16.0, -68.19999694824219]
[-4.0, 16.0, -67.9000015258789]
[-3.0, 16.0, -66.80000305175781]
[-2.0, 16.0, -65.5999984741211]
[-1.0, 16.0, -69.0999984741211]
[0.0, 16.0, -67.5999984741211]
[1.0, 16.0, -68.4000015258789]
[2.0, 16.0, -69.5999984741211]
[3.0, 16.0, -68.5999984741211]
[4.0, 16.0, -69.4000015258789]
[5.0, 16.0, -67.4000015258789]
[6.0, 16.0, -68.19999694824219]
[7.0, 16.0, -68.5999984741211]
[8.0, 16.0, -68.0]
[9.0, 16.0, -68.30000305175781]
[10.0, 16.0, -69.0]
[11.0, 16.0, -69.80000305175781]
[12.0, 16.0, -65.0999984741211]
[13.0, 16.0, -69.80000305175781]
[14.0, 16.0, -68.4000015258789]
[15.0, 16.0, -69.5]
[16.0, 16.0, -67.80000305175781]
[-15.0, 17.0, -68.80000305175781]
[-14.0, 17.0, -67.5]
[-13.0, 17.0, -69.0999984741211]
[-12.0, 17.0, -66.69999694824219]
[-11.0, 17.0, -66.4000015258789]
[-10.0, 17.0, -68.0]
[-9.0, 17.0, -68.5]
[-8.0, 17.0, -65.4000015258789]
[-7.0, 17.0, -65.19999694824219]
[-6.0, 17.0, -68.0]
[-5.0, 17.0, -68.69999694824219]
[-4.0, 17.0, -65.69999694824219]
[-3.0, 17.0, -68.0999984741211]
[-2.0, 17.0, -66.5]
[-1.0, 17.0, -68.9000015258789]
[0.0, 17.0, -69.69999694824219]
[1.0, 17.0, -66.19999694824219]
[2.0, 17.0, -67.9000015258789]
[3.0, 17.0, -69.19999694824219]
[4.0, 17.0, -69.0]
[5.0, 17.0, -68.69999694824219]
[6.0, 17.0, -68.30000305175781]
[7.0, 17.0, -66.80000305175781]
[8.0, 17.0, -66.19999694824219]
[9.0, 17.0, -69.19999694824219]
[10.0, 17.0, -65.69999694824219]
[11.0, 17.0, -69.4000015258789]
[12.0, 17.0, -68.4000015258789]
[13.0, 17.0, -69.80000305175781]
[14.0, 17.0, -66.4000015258789]
[15.0, 17.0, -69.9000015258789]
[-15.0, 18.0, -67.0999984741211]
[-14.0, 18.0, -65.80000305175781]
[-13.0, 18.0, -70.0]
[-12.0, 18.0, -66.0999984741211]
[-11.0, 18.0, -68.0999984741211]
[-10.0, 18.0, -65.9000015258789]
[-9.0, 18.0, -66.19999694824219]
[-8.0, 18.0, -65.5999984741211]
[-7.0, 18.0, -66.5999984741211]
[-6.0, 18.0, -70.0]
[-5.0, 18.0, -68.0]
[-4.0, 18.0, -70.0]
[-3.0, 18.0, -69.30000305175781]
[-2.0, 18.0, -70.0]
[-1.0, 18.0, -69.9000015258789]
[0.0, 18.0, -67.0]
[1.0, 18.0, -66.5]
[2.0, 18.0, -68.5999984741211]
[3.0, 18.0, -66.80000305175781]
[4.0, 18.0, -65.4000015258789]
[5.0, 18.0, -68.5999984741211]
[6.0, 18.0, -69.9000015258789]
[7.0, 18.0, -65.69999694824219]
[8.0, 18.0, -66.9000015258789]
[9.0, 18.0, -67.30000305175781]
[-15.0, 19.0, -65.5999984741211]
[-14.0, 19.0, -65.19999694824219]
[-13.0, 19.0, -67.80000305175781]
[-12.0, 19.0, -66.9000015258789]
[-11.0, 19.0, -66.0999984741211]
[-10.0, 19.0, -68.4000015258789]
[-9.0, 19.0, -66.30000305175781]
[-8.0, 19.0, -65.30000305175781]
[-7.0, 19.0, -65.5999984741211]
[-6.0, 19.0, -67.0999984741211]
[-5.0, 19.0, -69.0999984741211]
[-4.0, 19.0, -69.4000015258789]
[-3.0, 19.0, -68.4000015258789]
[-2.0, 19.0, -69.9000015258789]
[-1.0, 19.0, -68.5999984741211]
[0.0, 19.0, -67.0999984741211]
[-14.0, 20.0, -68.30000305175781]
[-13.0, 20.0, -65.4000015258789]
[-12.0, 20.0, -67.69999694824219]
[-11.0, 20.0, -67.0]
[-10.0, 20.0, -65.4000015258789]
[-9.0, 20.0, -67.5999984741211]
